Id	sex	face_size	face_FA	height	No_offspring
1	2	56.32585261	8.303679782	163	NA
2	1	49.94467181	7.92146071	165	0
3	1	52.96618989	8.234647889	161	3
4	1	53.61431103	8.14035873	139	11
5	2	64.19438528	8.853732662	163	NA
6	1	52.35466832	7.668300334	144	2
7	1	45.99976222	7.154115036	153	4
8	2	48.53505099	6.62260378	165	NA
9	1	45.9054376	6.593172593	156	3
10	1	47.07138369	6.799921197	148	3
11	1	41.80405079	7.670222175	148	2
12	2	46.21081409	7.363900601	171	NA
13	1	45.77714073	8.06672859	152	2
14	1	46.29625088	5.708039272	158	0
15	1	52.87259857	7.755599877	149	3
16	2	52.56042989	5.598234703	161	NA
17	1	54.40490056	7.367762862	160	2
18	2	51.30844227	5.252249645	169	NA
19	1	50.59295055	5.399496968	152	1
20	1	52.28216586	7.370033511	160	0
21	1	52.70848651	7.539275581	149	3
22	2	49.94512923	7.539072867	169	NA
23	2	57.96617974	6.181254539	174	NA
24	1	53.78817173	8.32009456	144	5
25	1	50.33570066	7.364998945	154	0
26	1	55.07015539	8.359080248	150	0
27	2	50.51247983	6.300547292	163	NA
28	1	49.07085326	7.485866612	167	1
29	1	49.44341083	10.14111918	158	3
30	1	53.6892407	7.440866394	145	3
31	2	56.8375966	5.615896041	175	NA
32	2	57.12086163	5.801040168	172	NA
33	1	55.49136846	7.825640429	142	6
34	2	55.13625049	6.057839476	156	NA
35	1	56.91460143	6.5148687	148	1
36	2	46.29425981	8.45731161	149	NA
37	1	49.07036851	7.461953203	151	2
38	2	58.42357288	6.010726929	171	NA
39	2	45.47579729	7.654785506	164	NA
40	1	46.65953083	7.844317354	143	7
41	2	55.34231583	7.822924243	167	NA
42	1	55.67532017	8.025409723	150	5
43	1	55.14111218	7.428062449	161	1
44	1	55.04981754	7.693195168	148	6
45	1	56.93071074	8.398499446	158	2
46	1	44.69242866	6.817479637	163	0
48	1	55.22337534	8.114215485	159	3
49	2	60.82435323	7.668670566	170	NA
50	1	50.48516643	6.006048598	150	3
51	2	54.23038085	5.923118485	168	NA
52	1	44.40732792	8.145728487	154	4
53	2	54.82356134	7.391939175	171	NA
54	1	53.48288677	8.407502847	153	4
55	1	52.06367189	7.802097301	161	0
56	1	56.94258497	8.570575004	143	5
57	2	61.31462084	7.056139142	167	NA
58	2	53.02013183	8.535368121	164	NA
59	1	49.02690017	7.164186153	161	2
60	1	54.30073848	6.585970127	161	1
61	1	52.24058403	8.401980757	162	8
62	1	45.48576251	6.481707003	155	0
63	1	53.4334476	7.514882451	146	2
64	2	54.44035913	8.687583413	162	NA
65	1	50.02407823	8.046382273	150	4
66	2	50.58236878	7.265068527	163	NA
67	2	47.35758462	5.358188857	176	NA
68	2	51.09786142	6.432071609	166	NA
69	1	45.35999044	9.975572688	145	6
70	1	46.89168093	7.074968009	159	3
71	1	46.78833211	6.330212465	163	1
72	1	47.18439349	7.922328155	144	4
73	2	53.05926189	7.276688066	173	NA
74	1	54.61360455	9.689111174	151	6
75	2	53.70783164	7.833827225	169	NA
76	1	58.80469392	7.627336854	159	2
77	2	57.79624087	8.023460958	174	NA
78	2	53.02041022	8.89917581	164	NA
79	1	51.45371389	7.830195199	151	3
80	2	57.44399631	7.175875225	169	NA
81	1	55.03463779	6.967844972	157	2
82	1	50.79482912	7.906339287	145	7
83	1	51.07792178	6.565541267	164	3
84	1	49.53961896	7.895752306	161	0
85	1	52.09225714	6.914667656	153	2
86	2	48.10357367	6.692474167	162	NA
87	1	54.37034548	5.582549257	148	4
88	2	51.28163004	5.405154123	168	NA
89	1	53.06254625	7.80778601	151	4
90	2	53.71569677	5.774569567	172	NA
91	1	53.48233354	6.864770409	150	3
92	2	55.44225009	6.230931017	166	NA
93	1	49.29483497	6.778169623	162	0
94	2	50.58734204	7.891539632	169	NA
95	1	52.12499239	5.830002486	158	3
96	2	51.69830921	6.344779086	159	NA
97	2	56.18399673	6.746507766	172	NA
98	2	53.23289681	7.497985199	171	NA
99	1	48.28524723	6.614585776	141	5
100	1	52.18695329	6.727069635	158	2
101	1	61.37496767	6.150189946	151	5
102	1	52.28321947	7.066355869	153	0
103	1	45.07813781	7.532335032	146	0
104	2	51.61565388	6.226953995	165	NA
105	1	47.75035787	7.282304881	157	0
106	2	48.08615039	6.500302615	171	NA
107	2	54.51421042	8.260842344	165	NA
108	2	45.16441284	8.719141172	165	NA
109	2	45.26196244	8.5773993	156	NA
110	1	47.77576631	9.539053743	150	6
111	1	45.0829007	9.704030502	156	1
112	2	52.14498735	7.871470516	166	NA
113	2	45.65823813	7.86865109	170	NA
114	2	42.38701198	7.048110101	168	NA
115	1	53.40700281	7.557149713	143	4
116	2	56.5990509	7.617969161	160	NA
117	1	55.54960961	7.634159783	148	3
118	2	60.02127059	6.214816141	178	NA
119	2	44.76795515	8.354190043	161	NA
120	1	44.99457303	6.252378042	151	2
121	1	43.78505968	7.833011187	148	6
122	1	42.37225303	9.563388144	152	7
123	2	50.0657651	7.613767022	169	NA
124	1	40.30985174	7.42157713	152	0
125	1	48.1039373	6.475293931	152	0
126	1	42.06392049	7.200185586	144	2
127	1	57.59646016	7.281648133	148	2
128	1	53.44120299	5.574479853	153	1
129	1	60.9796761	7.414332159	150	10
130	2	55.24588773	6.7964211	170	NA
131	1	52.79172365	7.557663329	156	2
132	2	53.2558019	7.004428908	166	NA
133	1	48.38274572	6.558336813	150	4
134	1	44.59771799	7.573399244	158	3
135	1	46.35426088	6.53353505	155	1
136	2	45.91189321	8.346579077	151	NA
137	1	48.67565501	6.940483634	153	2
138	1	48.73319294	7.331197215	151	3
139	1	50.04391695	7.047269031	150	0
140	2	51.62498224	6.358978491	165	NA
141	2	46.34766345	7.816306151	162	NA
142	1	50.68098766	8.069992355	143	1
143	2	53.76704725	8.207873844	167	NA
144	1	47.04699137	5.584458163	158	4
145	2	51.11355876	6.268639233	156	NA
146	1	46.38671871	8.448873819	158	3
147	2	51.15626184	8.951990961	176	NA
148	1	49.87340175	6.351859076	161	0
149	2	52.53003057	7.36844028	172	NA
150	1	42.79931361	6.565744363	149	0
151	1	52.75925563	6.467932748	154	3
152	1	43.38413856	8.020998361	147	5
153	1	47.16016708	6.30032391	158	3
154	2	48.77289419	7.528391752	163	NA
155	1	44.33752833	8.223912348	151	4
156	1	47.82309503	6.874682327	161	3
157	2	49.82817956	7.200499859	166	NA
158	2	51.51743724	7.683123867	160	NA
159	2	48.05584882	8.016345729	160	NA
160	1	41.58275373	7.394484557	152	0
161	1	53.19113853	6.582261739	153	3
162	2	52.73155001	8.589619352	173	NA
163	1	46.27117459	6.496464991	152	6
164	1	44.01379162	7.60541222	141	11
165	2	52.54180264	7.113169062	166	NA
166	2	48.38101621	8.490378365	162	NA
167	1	45.3442629	7.354075273	146	4
168	1	44.14546246	8.119401629	148	0
169	1	47.17383243	8.086484173	146	0
170	1	44.15550386	6.521169033	148	0
171	2	48.41481778	7.708336998	157	NA
172	1	49.72476995	7.727850901	158	4
173	1	43.40340542	6.208563798	160	1
174	2	54.98366035	8.648443863	172	NA
175	1	54.1042631	8.95101424	151	5
176	1	48.3293017	7.599752705	155	0
177	1	52.05204349	6.146687869	158	0
178	2	54.83353776	6.239486205	168	NA
179	1	52.03991893	7.544930132	164	0
180	1	49.09124786	7.522603395	149	5
181	1	42.36241257	8.555215803	161	1
182	1	43.62661215	7.804771943	158	3
183	1	48.29589646	9.277736625	158	5
184	2	47.72229526	7.15434106	168	NA
185	1	40.6876298	9.060058267	151	10
186	1	48.60455228	9.454392084	153	5
187	2	48.82449899	6.781096052	178	NA
188	2	47.21822929	5.782662448	169	NA
189	1	47.7924676	7.995412003	163	7
190	2	50.66158214	6.891961256	166	NA
191	1	43.61970158	7.132975355	154	3
192	1	48.88827239	7.653918974	166	2
193	2	51.83206178	7.191232418	163	NA
194	1	47.72630175	7.393794937	147	3
195	1	44.44877722	7.062900721	149	2
196	1	45.13319779	5.525923678	154	0
197	1	47.10644577	7.225626545	149	3
198	2	53.23916833	7.386027915	167	NA
199	1	45.84113683	8.302154877	157	3
200	2	50.09734082	7.797565125	171	NA
201	1	46.87886389	8.234282992	154	0
202	2	49.22148002	7.379941971	168	NA
203	1	45.07756846	7.527859026	151	10
204	1	48.99606286	6.095780287	160	0
205	1	51.08757159	5.6012485	156	3
206	2	47.4308888	7.701316082	166	NA
207	1	49.28112543	6.377391197	153	0
208	2	53.38567259	7.464638825	161	NA
209	2	51.03863131	7.143432633	178	NA
210	1	46.24290614	8.022185215	154	1
211	1	45.88473254	7.65681901	148	4
212	1	47.5647275	8.350333565	157	3
213	1	42.19206005	8.256901524	156	2
214	1	46.00184733	7.317469146	157	1
215	2	45.06220308	7.423980681	169	NA
216	1	47.63871879	6.006945356	163	2
217	1	46.11441752	7.211873728	154	0
218	2	46.74312017	7.316870001	183	NA
219	2	52.66165758	8.857073297	165	NA
220	1	48.14128444	7.263155849	163	4
221	2	51.06046257	7.120881476	174	NA
222	1	45.98669198	7.80006415	155	3
223	1	49.44394615	9.927714323	145	11
224	1	43.48656021	7.38423045	145	2
225	1	45.49867974	7.048911939	154	1
226	1	43.2174276	7.78988564	149	3
227	1	48.71802436	7.247825332	149	0
228	1	48.3552884	8.798444238	151	6
229	1	44.95567976	7.256891649	145	0
230	1	47.63482692	7.609594847	155	3
231	1	47.64349112	7.57317495	147	0
232	1	44.11835298	7.353038962	144	0
233	2	47.05342238	6.78866227	167	NA
234	1	51.48942826	7.17003622	149	3
235	1	40.05884527	8.915087531	147	2
236	2	44.55001121	7.754231085	164	NA
237	2	48.11312882	7.474115641	153	NA
238	1	49.85314206	9.187276713	139	4
239	1	46.90480957	7.974173399	146	2
240	2	46.51112814	8.650847813	163	NA
241	1	42.71262731	7.196429594	159	0
242	2	51.50328071	7.315803235	170	NA
243	1	46.30438482	8.542683467	160	5
244	1	46.68107336	8.25775396	155	5
245	2	51.44293251	8.349724976	161	NA
246	1	53.72991756	8.798455893	145	5
247	1	43.26194371	6.124276391	151	2
248	1	46.90714923	8.393270559	161	2
249	1	48.52129746	7.890940354	162	1
250	1	44.83448125	7.760933014	159	0
251	1	45.13495658	6.978806198	157	0
252	2	52.04830392	7.624586577	163	NA
253	2	53.71338046	8.100909232	176	NA
254	1	47.15513913	7.931993556	157	5
255	1	46.18385145	8.474962694	165	3
256	2	47.22773012	7.075904993	165	NA
257	2	45.96528144	6.947031884	161	NA
258	2	46.20684226	7.887587577	154	NA
259	2	50.84299708	6.492335018	167	NA
260	1	47.1408444	8.55314577	152	4
261	1	47.57011247	6.178453807	161	NA
262	1	46.23648437	5.951079316	154	0
263	1	50.46784444	7.298208168	155	3
264	1	47.44890574	6.925953452	143	4
265	1	48.03586557	8.894449839	155	2
266	1	50.57002413	8.751188625	157	2
267	1	49.06316442	6.84904962	148	0
268	1	47.81700766	7.15012062	156	5
269	1	45.85462984	7.293475523	156	2
270	2	54.8535497	8.011467975	158	NA
271	1	48.87177624	7.635125854	154	0
272	2	50.75678764	6.719326679	172	NA
273	1	44.80909838	7.53479406	151	5
274	2	51.64191823	6.339817119	168	NA
275	1	46.6076107	6.971200691	149	2
276	1	44.47070223	7.771163278	152	6
277	1	47.30525888	7.482056424	154	0
278	2	48.78315021	7.217209712	168	NA
279	1	45.49840604	6.95705243	154	0
280	1	49.10175959	6.440517268	153	2
281	1	44.0642463	6.455322551	149	2
282	2	48.51352854	7.960900583	159	NA
283	2	53.43058746	7.315619569	166	NA
284	1	47.22695959	7.545471478	153	3
285	1	48.20948386	6.845829849	156	4
286	2	53.10329042	6.020482618	176	NA
287	1	46.92927985	7.466841675	153	4
288	1	47.54605417	6.893296023	146	3
289	1	45.99570932	7.800995092	151	3
290	2	47.63054874	6.062931435	165	NA
291	1	46.29652609	6.851986663	155	3
292	2	48.00558991	6.928764453	172	NA
293	2	55.29966206	8.764408699	161	NA
294	1	41.89166612	6.647140813	151	2
295	1	47.08332273	6.55010625	155	3
296	1	54.97888343	7.6013043	162	0
297	1	49.12306621	6.984303156	152	0
298	1	45.17416666	7.577250182	151	2
299	2	49.55281101	8.181049104	167	NA
300	1	48.31836652	7.801575373	156	3
301	1	48.99825278	7.305777177	163	0
302	1	44.18539572	7.731421919	153	1
303	1	47.67930149	8.782191063	154	7
304	1	41.41598958	7.933878165	143	6
305	1	46.3892558	8.279191423	149	0
306	1	47.99617521	7.56307349	154	0
307	1	42.66053375	6.932770391	159	0
308	1	44.80974781	6.841599126	149	0
309	1	38.81135934	8.866780478	153	8
310	1	46.73970228	6.571243308	163	3
311	1	48.06427925	7.31543961	158	2
312	1	44.6316823	8.663993036	156	0
313	1	45.77037416	6.91889496	161	2
314	1	49.71763754	7.721199954	160	6
